* Measurement data measured by REW V5.19
* Source: Input device not selected, no input selected, L, volume: no control
* Format: 256k Log Swept Sine, 1 sweep at -20,0 dBFS  With no timing reference
* Dated: Jun 9, 2021 9:02:42 PM
* REW Settings:
*  C-weighting compensation: Off
*  Target level: 75.0 dB
* Note: 
* Measurement: Čer 9 21:02:42
* Smoothing: 1/24 octave
* Frequency Step: 96 ppo
* Start Frequency: 20.0 Hz
*
* Freq(Hz) dBFS(dBFS) Phase(degrees)
20.141602 -53.620 123.1474
20.287556 -53.534 123.2215
20.434568 -53.424 123.1961
20.582645 -53.330 123.0172
20.731796 -53.279 122.7150
20.882027 -53.277 122.3986
21.033346 -53.324 122.1737
21.185763 -53.407 122.1329
21.339284 -53.505 122.3620
21.493917 -53.598 122.8867
21.649671 -53.658 123.6791
21.806553 -53.661 124.6641
21.964572 -53.591 125.6847
22.123737 -53.436 126.5624
22.284054 -53.204 127.1215
22.445534 -52.907 127.2076
22.608183 -52.565 126.7463
22.772012 -52.200 125.6817
22.937027 -51.831 124.0271
23.103238 -51.476 121.8264
23.270654 -51.147 119.1368
23.439282 -50.855 116.0376
23.609133 -50.608 112.5994
23.780215 -50.413 108.8897
23.952536 -50.273 104.9997
24.126106 -50.191 100.9997
24.300934 -50.170 96.9679
24.477028 -50.213 92.9640
24.654399 -50.323 89.0626
24.833055 -50.504 85.3169
25.013005 -50.759 81.7994
25.194260 -51.095 78.5811
25.376828 -51.525 75.7423
25.560719 -52.062 73.4005
25.745942 -52.727 71.7623
25.932508 -53.537 71.1687
26.120426 -54.501 72.2497
26.309705 -55.562 76.0838
26.500356 -56.540 84.3664
26.692388 -57.050 98.4087
26.885812 -56.665 115.6620
27.080638 -55.466 129.6522
27.276876 -53.884 137.4174
27.474535 -52.289 140.2080
27.673627 -50.893 139.7990
27.874161 -49.751 137.4426
28.076149 -48.875 133.8914
28.279600 -48.260 129.6812
28.484526 -47.899 125.1538
28.690937 -47.787 120.6642
28.898843 -47.918 116.4985
29.108256 -48.278 113.0356
29.319186 -48.842 110.6618
29.531645 -49.558 109.8441
29.745644 -50.324 110.9632
29.961193 -50.999 114.1172
30.178304 -51.417 118.6495
30.396989 -51.508 123.3173
30.617258 -51.321 126.8125
30.839123 -51.004 128.5336
31.062596 -50.686 128.5483
31.287688 -50.448 127.2765
31.514412 -50.310 125.1520
31.742778 -50.256 122.5510
31.972800 -50.246 119.6800
32.204488 -50.236 116.6252
32.437855 -50.181 113.3650
32.672913 -50.057 109.8141
32.909674 -49.858 105.8978
33.148151 -49.597 101.5876
33.388356 -49.299 96.9409
33.630302 -48.987 92.0735
33.874001 -48.686 87.1433
34.119466 -48.415 82.3129
34.366710 -48.191 77.7464
34.615745 -48.030 73.6266
34.866585 -47.943 70.1369
35.119243 -47.926 67.4645
35.373731 -47.957 65.7825
35.630064 -47.997 65.1341
35.888254 -47.999 65.3745
36.148315 -47.936 66.1266
36.410261 -47.834 66.9138
36.674104 -47.767 67.4827
36.939860 -47.833 68.0161
37.207542 -48.104 69.3634
37.477163 -48.540 73.1376
37.748738 -48.876 81.5144
38.022281 -48.622 95.0621
38.297806 -47.496 108.6137
38.575327 -45.869 116.1859
38.854860 -44.256 117.5307
39.136419 -42.964 114.7756
39.420017 -42.094 109.7774
39.705671 -41.665 103.8127
39.993395 -41.667 97.8063
40.283203 -42.072 92.6356
40.575112 -42.815 89.2278
40.869136 -43.752 88.4262
41.165290 -44.638 90.4948
41.463591 -45.215 94.3938
41.764053 -45.394 97.9306
42.066693 -45.362 99.4930
42.371525 -45.381 99.0902
42.678567 -45.600 97.6499
42.987834 -46.034 96.2068
43.299341 -46.592 95.4949
43.613106 -47.127 95.6460
43.929145 -47.516 96.0820
44.247473 -47.756 95.9718
44.568109 -47.948 94.9547
44.891068 -48.189 93.3190
45.216367 -48.495 91.6658
45.544023 -48.790 90.4097
45.874054 -48.958 89.4243
46.206476 -48.945 88.1615
46.541307 -48.824 86.0245
46.878565 -48.745 82.9678
47.218266 -48.832 79.6104
47.560429 -49.118 77.0037
47.905072 -49.510 76.2793
48.252212 -49.770 78.0676
48.601867 -49.634 81.5902
48.954056 -49.048 84.7051
49.308798 -48.228 85.6583
49.666109 -47.444 84.2361
50.026010 -46.860 81.2060
50.388520 -46.529 77.5386
50.753656 -46.428 74.0408
51.121437 -46.487 71.2489
51.491884 -46.619 69.3485
51.865016 -46.758 68.1944
52.240851 -46.887 67.5237
52.619410 -47.034 67.2728
53.000712 -47.205 67.7080
53.384777 -47.341 69.1835
53.771625 -47.320 71.5395
54.161276 -47.064 73.8462
54.553751 -46.644 74.9708
54.949070 -46.228 74.4969
55.347254 -45.958 72.8775
55.748323 -45.871 70.9493
56.152298 -45.907 69.3953
56.559201 -45.955 68.3709
56.969052 -45.941 67.4667
57.381873 -45.882 66.1274
57.797686 -45.861 64.1650
58.216512 -45.938 61.8436
58.638373 -46.117 59.5910
59.063291 -46.356 57.6957
59.491288 -46.608 56.2101
59.922386 -46.855 55.0751
60.356608 -47.091 54.2773
60.793977 -47.306 53.8529
61.234515 -47.475 53.7647
61.678246 -47.591 53.8825
62.125192 -47.664 54.0856
62.575377 -47.702 54.2979
63.028824 -47.712 54.3987
63.485557 -47.717 54.2365
63.945599 -47.767 53.7985
64.408975 -47.904 53.3833
64.875709 -48.114 53.4092
65.345825 -48.330 54.0241
65.819348 -48.491 54.9290
66.296302 -48.606 55.6822
66.776713 -48.719 56.1192
67.260604 -48.865 56.3626
67.748002 -49.050 56.6072
68.238932 -49.278 57.0471
68.733420 -49.545 57.9212
69.231490 -49.819 59.4494
69.733170 -50.053 61.7397
70.238485 -50.203 64.8591
70.747463 -50.198 68.6904
71.260128 -49.979 72.3976
71.776508 -49.623 74.7214
72.296630 -49.333 75.4476
72.820521 -49.227 75.7754
73.348209 -49.196 76.9250
73.879720 -49.043 78.5558
74.415083 -48.772 79.2644
74.954326 -48.554 78.7980
75.497475 -48.424 78.1713
76.044561 -48.229 77.8486
76.595612 -47.897 76.9844
77.150655 -47.571 75.0810
77.709720 -47.357 72.9774
78.272837 -47.156 71.5708
78.840034 -46.847 70.5663
79.411342 -46.502 69.2603
79.986789 -46.259 67.9473
80.566406 -46.095 67.5324
81.150224 -45.883 68.1058
81.738272 -45.596 68.7996
82.330581 -45.334 69.0664
82.927182 -45.168 69.2351
83.528107 -45.067 69.7509
84.133386 -44.965 70.4885
84.743051 -44.857 70.9034
85.357134 -44.806 70.7988
85.975667 -44.848 70.6896
86.598682 -44.903 71.1401
87.226212 -44.845 71.7155
87.858289 -44.703 71.3909
88.494946 -44.633 70.1868
89.136217 -44.670 69.2849
89.782135 -44.663 69.3170
90.432733 -44.507 69.3676
91.088046 -44.322 68.5042
91.748108 -44.256 67.3545
92.412952 -44.256 67.0682
93.082615 -44.161 67.5357
93.757130 -43.960 67.5133
94.436533 -43.809 66.5895
95.120859 -43.780 65.6219
95.810144 -43.787 65.2753
96.504423 -43.741 65.2203
97.203734 -43.662 64.9230
97.908112 -43.605 64.4615
98.617595 -43.564 64.1010
99.332219 -43.523 63.8508
100.052021 -43.485 63.7123
100.777039 -43.435 63.7161
101.507311 -43.358 63.6157
102.242875 -43.292 63.1287
102.983769 -43.289 62.4548
103.730032 -43.331 62.0319
104.481702 -43.353 61.9478
105.238820 -43.316 61.8984
106.001424 -43.232 61.5455
106.769554 -43.149 60.7685
107.543250 -43.115 59.9036
108.322553 -43.118 59.4945
109.107503 -43.087 59.6974
109.898141 -42.982 60.0131
110.694508 -42.851 59.9027
111.496646 -42.771 59.3847
112.304596 -42.771 58.9197
113.118402 -42.804 58.9332
113.938104 -42.788 59.3171
114.763747 -42.699 59.4393
115.595372 -42.597 58.9128
116.433024 -42.543 57.9999
117.276746 -42.544 57.1827
118.126581 -42.566 56.6909
118.982575 -42.586 56.4612
119.844772 -42.596 56.3990
120.713217 -42.593 56.4380
121.587954 -42.572 56.4167
122.469031 -42.546 56.1609
123.356492 -42.534 55.7297
124.250384 -42.525 55.3452
125.150753 -42.485 55.1339
126.057647 -42.379 55.0146
126.971113 -42.204 54.7685
127.891198 -42.004 54.0922
128.817950 -41.860 52.9670
129.751418 -41.832 51.8795
130.691651 -41.897 51.4117
131.638696 -41.982 51.6583
132.592604 -42.038 52.2722
133.553425 -42.053 52.8758
134.521208 -42.038 53.2587
135.496004 -42.008 53.3983
136.477864 -41.972 53.3718
137.466839 -41.933 53.2892
138.462981 -41.885 53.2355
139.466340 -41.820 53.2054
140.476971 -41.737 53.1246
141.494925 -41.636 52.9280
142.520256 -41.524 52.5747
143.553016 -41.410 51.9915
144.593260 -41.315 51.1514
145.641043 -41.263 50.1637
146.696418 -41.261 49.2249
147.759441 -41.298 48.4525
148.830166 -41.364 47.8397
149.908651 -41.452 47.4048
150.994951 -41.548 47.2314
152.089123 -41.624 47.3439
153.191223 -41.660 47.6634
154.301310 -41.651 48.0460
155.419441 -41.610 48.3847
156.545674 -41.558 48.6234
157.680069 -41.508 48.7028
158.822683 -41.474 48.5545
159.973578 -41.463 48.2101
161.132813 -41.470 47.7823
162.300447 -41.477 47.3722
163.476543 -41.472 46.9493
164.661162 -41.458 46.4526
165.854364 -41.442 45.8439
167.056213 -41.422 45.1170
168.266772 -41.384 44.3325
169.486102 -41.304 43.5890
170.714268 -41.168 43.0053
171.951334 -40.991 42.7404
173.197364 -40.807 42.9335
174.452424 -40.655 43.5502
175.716578 -40.564 44.3460
176.989893 -40.549 44.9481
178.272434 -40.600 45.0443
179.564270 -40.677 44.5503
180.865467 -40.722 43.6504
182.176092 -40.693 42.6758
183.496216 -40.592 41.9643
184.825905 -40.463 41.6734
186.165229 -40.360 41.6763
187.514259 -40.320 41.6876
188.873065 -40.342 41.5063
190.241717 -40.389 41.0206
191.620287 -40.426 40.2825
193.008847 -40.436 39.5711
194.407468 -40.424 39.1776
195.816225 -40.399 39.1290
197.235190 -40.374 39.1547
198.664438 -40.362 38.9342
200.104042 -40.368 38.4147
201.554078 -40.382 37.7980
203.014622 -40.393 37.2692
204.485750 -40.396 36.9133
205.967538 -40.394 36.6425
207.460064 -40.393 36.3220
208.963405 -40.394 35.9418
210.477640 -40.391 35.6179
212.002848 -40.381 35.4794
213.539108 -40.370 35.4778
215.086500 -40.365 35.5280
216.645105 -40.367 35.5161
218.215005 -40.365 35.3988
219.796281 -40.351 35.2032
221.389015 -40.329 34.9867
222.993292 -40.311 34.8473
224.609193 -40.300 34.7760
226.236804 -40.298 34.6665
227.876209 -40.305 34.4894
229.527494 -40.316 34.2914
231.190745 -40.332 34.1004
232.866048 -40.357 33.9297
234.553491 -40.390 33.7912
236.253163 -40.430 33.6929
237.965150 -40.480 33.6439
239.689544 -40.552 33.7937
241.426433 -40.638 34.4096
243.175909 -40.697 35.5763
244.938062 -40.684 37.0730
246.712984 -40.577 38.6005
248.500768 -40.384 39.9001
250.301507 -40.138 40.7566
252.115295 -39.876 41.1329
253.942226 -39.615 41.0576
255.782396 -39.363 40.5610
257.635901 -39.126 39.7710
259.502837 -38.905 38.8898
261.383301 -38.701 37.9823
263.277392 -38.527 36.9973
265.185209 -38.393 35.9640
267.106850 -38.292 34.9048
269.042417 -38.218 33.8256
270.992009 -38.161 32.7503
272.955729 -38.117 31.6894
274.933678 -38.083 30.6525
276.925961 -38.056 29.6670
278.932681 -38.034 28.7392
280.953942 -38.017 27.8617
282.989850 -38.008 27.0640
285.040511 -38.007 26.3439
287.106032 -38.017 25.6968
289.186521 -38.038 25.1537
291.282086 -38.061 24.6988
293.392836 -38.074 24.2494
295.518881 -38.074 23.7259
297.660333 -38.063 23.1267
299.817302 -38.048 22.5126
301.989902 -38.032 21.9158
304.178245 -38.021 21.3327
306.382446 -38.018 20.7866
308.602620 -38.026 20.2706
310.838882 -38.046 19.7771
313.091348 -38.075 19.3117
315.360137 -38.098 18.8440
317.645367 -38.107 18.3132
319.947156 -38.102 17.7646
322.265625 -38.089 17.3002
324.600895 -38.072 16.9668
326.953086 -38.054 16.6862
329.322323 -38.039 16.3571
331.708729 -38.034 15.9424
334.112427 -38.038 15.4467
336.533543 -38.051 14.9065
338.972204 -38.069 14.3660
341.428536 -38.090 13.8315
343.902668 -38.113 13.2938
346.394729 -38.135 12.7399
348.904848 -38.160 12.2112
351.433156 -38.190 11.7661
353.979786 -38.226 11.4405
356.544869 -38.260 11.2365
359.128540 -38.283 11.0490
361.730934 -38.294 10.7882
364.352185 -38.301 10.4744
366.992431 -38.305 10.1468
369.651810 -38.306 9.7968
372.330459 -38.306 9.4490
375.028519 -38.308 9.1491
377.746130 -38.314 8.8148
380.483434 -38.324 8.3702
383.240574 -38.334 7.8616
386.017693 -38.349 7.4088
388.814937 -38.366 7.0550
391.632450 -38.382 6.7560
394.470380 -38.393 6.4680
397.328875 -38.402 6.1494
400.208084 -38.415 5.8069
403.108157 -38.435 5.4686
406.029245 -38.458 5.1100
408.971500 -38.482 4.7106
411.935076 -38.504 4.3304
414.920127 -38.524 4.0202
417.926810 -38.545 3.7578
420.955280 -38.573 3.4972
424.005695 -38.615 3.2205
427.078215 -38.670 2.9483
430.173000 -38.729 2.7071
433.290211 -38.789 2.5093
436.430010 -38.852 2.3125
439.592562 -38.920 2.0788
442.778031 -38.991 1.8345
445.986583 -39.069 1.6446
449.218386 -39.153 1.5702
452.473607 -39.240 1.6259
455.752418 -39.320 1.7639
459.054987 -39.386 1.9422
462.381489 -39.437 2.1090
465.732096 -39.478 2.1887
469.106983 -39.519 2.2018
472.506325 -39.564 2.2132
475.930301 -39.615 2.2305
479.379088 -39.668 2.2395
482.852867 -39.720 2.2399
486.351817 -39.774 2.2446
489.876123 -39.829 2.2855
493.425968 -39.886 2.3558
497.001536 -39.948 2.4353
500.603014 -40.011 2.4995
504.230589 -40.072 2.5446
507.884452 -40.131 2.5946
511.564792 -40.191 2.6896
515.271802 -40.251 2.8307
519.005673 -40.305 3.0001
522.766602 -40.348 3.1827
526.554785 -40.385 3.3564
530.370418 -40.425 3.5042
534.213700 -40.472 3.6307
538.084833 -40.527 3.7517
541.984018 -40.591 3.8636
545.911457 -40.661 3.9851
549.867357 -40.735 4.1318
553.851922 -40.810 4.2636
557.865362 -40.885 4.3553
561.907884 -40.965 4.4472
565.979700 -41.052 4.5547
570.081022 -41.147 4.6739
574.212064 -41.247 4.8284
578.373042 -41.351 5.0351
582.564171 -41.455 5.2655
586.785671 -41.554 5.4790
591.037762 -41.651 5.6946
595.320665 -41.751 5.9729
599.634604 -41.854 6.3450
603.979804 -41.955 6.8099
608.356491 -42.051 7.3133
612.764893 -42.142 7.8131
617.205240 -42.230 8.3014
621.677763 -42.317 8.7894
626.182696 -42.401 9.3040
630.720274 -42.482 9.8598
635.290733 -42.561 10.4495
639.894312 -42.640 11.0772
644.531250 -42.714 11.7329
649.201789 -42.781 12.4322
653.906173 -42.842 13.1885
658.644647 -42.892 13.9777
663.417457 -42.930 14.7402
668.224854 -42.957 15.4420
673.067086 -42.976 16.1034
677.944408 -42.991 16.7431
682.857073 -43.006 17.3481
687.805336 -43.024 17.9055
692.789457 -43.045 18.4272
697.809695 -43.064 18.9383
702.866312 -43.080 19.4416
707.959571 -43.087 19.9273
713.089738 -43.085 20.3929
718.257080 -43.074 20.8277
723.461867 -43.058 21.2231
728.704370 -43.040 21.5779
733.984862 -43.025 21.9116
739.303619 -43.017 22.2624
744.660918 -43.016 22.6385
750.057038 -43.020 23.0268
755.492260 -43.029 23.4092
760.966869 -43.039 23.7782
766.481148 -43.048 24.1190
772.035387 -43.059 24.4411
777.629873 -43.070 24.7572
783.264900 -43.080 25.0591
788.940760 -43.085 25.3333
794.657750 -43.084 25.5787
800.416168 -43.075 25.7907
806.216313 -43.059 25.9403
812.058489 -43.038 26.0454
817.943000 -43.016 26.1179
823.870152 -42.994 26.1582
829.840255 -42.972 26.1571
835.853619 -42.949 26.1167
841.910559 -42.923 26.0458
848.011390 -42.893 25.9368
854.156430 -42.860 25.7807
860.346000 -42.824 25.5881
866.580422 -42.786 25.3835
872.860020 -42.748 25.1705
879.185124 -42.713 24.9331
885.556062 -42.680 24.6645
891.973166 -42.650 24.3841
898.436771 -42.620 24.1050
904.947215 -42.591 23.8210
911.504835 -42.564 23.5167
918.109975 -42.543 23.1920
924.762978 -42.526 22.8572
931.464192 -42.513 22.5086
938.213966 -42.504 22.1439
945.012651 -42.499 21.7749
951.860602 -42.500 21.4038
958.758176 -42.507 21.0154
965.705733 -42.519 20.6151
972.703635 -42.538 20.1978
979.752246 -42.562 19.7650
986.851935 -42.591 19.3294
994.003071 -42.626 18.9037
1001.206027 -42.668 18.4874
1008.461179 -42.716 18.0762
1015.768904 -42.772 17.6702
1023.129584 -42.834 17.2743
1030.543603 -42.901 16.8877
1038.011347 -42.972 16.5060
1045.533205 -43.049 16.1422
1053.109569 -43.132 15.8148
1060.740836 -43.219 15.5277
1068.427401 -43.310 15.2546
1076.169666 -43.402 15.0024
1083.968035 -43.498 14.7634
1091.822915 -43.596 14.5198
1099.734713 -43.699 14.2626
1107.703844 -43.803 13.9963
1115.730723 -43.907 13.7259
1123.815768 -44.012 13.4649
1131.959400 -44.120 13.2295
1140.162045 -44.232 13.0294
1148.424129 -44.354 12.8709
1156.746083 -44.484 12.7662
1165.128342 -44.621 12.7425
1173.571343 -44.763 12.8399
1182.075524 -44.904 13.0824
1190.641331 -45.037 13.4537
1199.269209 -45.153 13.8982
1207.959608 -45.250 14.3413
1216.712981 -45.333 14.7073
1225.529785 -45.407 14.9610
1234.410479 -45.480 15.1248
1243.355526 -45.556 15.2270
1252.365393 -45.638 15.2841
1261.440549 -45.728 15.3029
1270.581467 -45.827 15.3057
1279.788624 -45.933 15.3122
1289.062500 -46.048 15.3392
1298.403578 -46.171 15.3956
1307.812346 -46.303 15.4954
1317.289293 -46.444 15.6524
1326.834914 -46.595 15.8689
1336.449707 -46.752 16.1600
1346.134173 -46.911 16.5363
1355.888816 -47.067 16.9825
1365.714145 -47.218 17.4710
1375.610673 -47.366 17.9691
1385.578915 -47.518 18.4679
1395.619391 -47.677 18.9944
1405.732624 -47.845 19.5663
1415.919142 -48.018 20.1850
1426.179476 -48.192 20.8442
1436.514160 -48.362 21.5286
1446.923734 -48.528 22.2192
1457.408740 -48.692 22.8931
1467.969724 -48.859 23.5378
1478.607238 -49.033 24.1661
1489.321836 -49.217 24.8031
1500.114076 -49.411 25.4902
1510.984521 -49.609 26.2581
1521.933737 -49.810 27.1084
1532.962297 -50.013 27.9970
1544.070773 -50.223 28.9109
1555.259747 -50.446 29.8986
1566.529800 -50.690 31.0489
1577.881521 -50.952 32.4639
1589.315501 -51.217 34.2383
1600.832336 -51.464 36.4172
1612.432627 -51.670 38.9616
1624.116978 -51.819 41.8115
1635.886000 -51.897 44.8635
1647.740304 -51.892 47.9960
1659.680509 -51.794 51.0864
1671.707238 -51.594 53.9713
1683.821118 -51.294 56.3659
1696.022780 -50.922 57.9176
1708.312860 -50.535 58.3650
1720.692000 -50.207 57.7189
1733.160843 -49.997 56.3158
1745.720041 -49.922 54.6381
1758.370248 -49.969 53.0862
1771.112124 -50.110 51.8881
1783.946332 -50.314 51.1408
1796.873543 -50.557 50.8592
1809.894429 -50.816 50.9984
1823.009670 -51.080 51.4810
1836.219950 -51.339 52.2304
1849.525956 -51.588 53.1827
1862.928384 -51.827 54.3039
1876.427931 -52.055 55.5793
1890.025301 -52.271 56.9884
1903.721204 -52.478 58.5110
1917.516352 -52.679 60.1196
1931.411466 -52.872 61.8219
1945.407270 -53.056 63.6209
1959.504493 -53.231 65.5152
1973.703870 -53.397 67.5017
1988.006142 -53.553 69.5859
2002.412054 -53.699 71.7760
2016.922357 -53.835 74.0797
2031.537808 -53.953 76.5319
2046.259169 -54.049 79.1421
2061.087206 -54.122 81.8711
2076.022694 -54.171 84.6689
2091.066410 -54.191 87.5028
2106.219139 -54.175 90.3532
2121.481671 -54.125 93.2112
2136.854802 -54.038 96.0410
2152.339333 -53.913 98.8341
2167.936071 -53.746 101.5380
2183.645829 -53.535 104.0921
2199.469427 -53.287 106.4296
2215.407689 -53.010 108.4774
2231.461446 -52.719 110.1873
2247.631536 -52.428 111.5595
2263.918800 -52.147 112.6138
2280.324089 -51.883 113.3756
2296.848258 -51.640 113.8896
2313.492167 -51.424 114.2052
2330.256685 -51.238 114.3788
2347.142685 -51.083 114.4695
2364.151049 -50.956 114.5339
2381.282662 -50.857 114.6305
2398.538418 -50.781 114.8569
2415.919216 -50.716 115.2656
2433.425962 -50.648 115.8586
2451.059570 -50.564 116.5808
2468.820958 -50.454 117.3476
2486.711052 -50.322 118.0726
2504.730786 -50.172 118.6756
2522.881098 -50.015 119.0886
2541.162934 -49.863 119.2892
2559.577248 -49.728 119.2969
2578.125000 -49.617 119.1877
2596.807157 -49.532 119.0536
2615.624692 -49.468 118.9667
2634.578586 -49.416 118.9528
2653.669829 -49.365 118.9755
2672.899414 -49.312 118.9536
2692.268345 -49.264 118.8597
2711.777632 -49.229 118.6912
2731.428290 -49.216 118.4751
2751.221345 -49.227 118.2520
2771.157829 -49.262 118.0859
2791.238781 -49.317 118.0464
2811.465248 -49.383 118.1858
2831.838284 -49.455 118.5015
2852.358952 -49.522 118.9637
2873.028321 -49.572 119.5352
2893.847468 -49.596 120.1469
2914.817480 -49.596 120.7045
2935.939449 -49.579 121.1130
2957.214476 -49.560 121.2985
2978.643672 -49.557 121.2397
3000.228152 -49.590 120.9767
3021.969041 -49.670 120.5727
3043.867475 -49.800 120.1740
3065.924593 -49.976 119.8876
3088.141547 -50.190 119.7925
3110.519493 -50.427 119.9223
3133.059600 -50.680 120.2665
3155.763041 -50.944 120.7967
3178.631001 -51.224 121.4980
3201.664672 -51.524 122.3501
3224.865254 -51.850 123.3973
3248.233957 -52.203 124.7392
3271.771999 -52.577 126.4955
3295.480608 -52.960 128.7450
3319.361019 -53.342 131.5370
3343.414477 -53.719 134.9543
3367.642236 -54.071 139.1324
3392.045560 -54.371 144.0758
3416.625721 -54.577 149.8278
3441.383999 -54.624 156.4326
3466.321686 -54.432 163.6422
3491.440082 -53.950 170.6086
3516.740496 -53.228 176.1130
3542.224247 -52.408 179.3955
3567.892664 -51.647 -179.2618
3593.747085 -51.032 -179.2076
3619.788858 -50.585 -179.7257
3646.019340 -50.282 179.7533
3672.439900 -50.079 179.5727
3699.051913 -49.924 179.8611
3725.856768 -49.776 -179.4452
3752.855862 -49.613 -178.4474
3780.050603 -49.428 -176.7773
3807.442408 -49.222 -175.1295
3835.032705 -48.988 -173.5480
3862.822933 -48.721 -172.0892
3890.814540 -48.418 -170.8407
3919.008986 -48.082 -169.8985
3947.407741 -47.728 -169.3459
3976.012284 -47.376 -169.2075
4004.824108 -47.046 -169.1478
4033.844715 -46.747 -167.9654
4063.075616 -46.466 -166.7226
4092.518337 -46.166 -165.3142
4122.174412 -45.806 -163.8651
4152.045387 -45.367 -162.6848
4182.132820 -44.858 -162.0820
4212.438278 -44.304 -162.2206
4242.963342 -43.728 -163.1180
4273.709604 -43.153 -164.3169
4304.678665 -42.608 -166.0064
4335.872141 -42.123 -168.2159
4367.291658 -41.721 -170.8527
4398.938854 -41.420 -173.8033
4430.815378 -41.227 -176.9217
4462.922893 -41.136 179.9608
4495.263072 -41.129 177.0042
4527.837601 -41.180 174.0701
4560.648179 -41.272 171.4259
4593.696515 -41.394 169.1119
4626.984334 -41.545 167.0947
4660.513370 -41.723 165.3499
4694.285371 -41.922 163.8772
4728.302098 -42.128 162.6830
4762.565324 -42.323 161.7324
4797.076835 -42.499 160.9569
4831.838432 -42.664 160.3233
4866.851925 -42.834 159.8225
4902.119140 -43.012 159.5000
4937.641916 -43.188 159.4005
4973.422105 -43.339 159.5042
5009.461572 -43.446 159.5759
5045.762195 -43.509 159.2228
5082.325868 -43.547 158.7166
5119.154496 -43.587 158.0006
5156.250000 -43.657 157.0829
5193.614313 -43.776 156.0237
5231.249383 -43.958 154.9230
5269.157173 -44.207 153.9130
5307.339658 -44.520 153.0103
5345.798829 -44.885 151.9263
5384.536691 -45.283 151.3133
5423.555263 -45.693 151.1917
5462.856580 -46.095 151.5083
5502.442691 -46.477 152.1567
5542.315659 -46.842 153.0157
5582.477563 -47.200 153.9959
5622.930497 -47.565 154.7189
5663.676569 -47.946 155.3074
5704.717904 -48.347 156.1054
5746.056642 -48.765 157.1819
5787.694937 -49.197 158.5914
5829.634960 -49.637 160.3738
5871.878898 -50.076 162.5585
5914.428953 -50.510 165.1678
5957.287343 -50.933 168.2252
6000.456303 -51.340 171.7482
6043.938083 -51.720 175.4395
6087.734950 -52.051 179.5530
6131.849187 -52.316 -176.0342
6176.283094 -52.509 -171.5025
6221.038987 -52.645 -167.0156
6266.119200 -52.752 -162.5974
6311.526083 -52.848 -158.0860
6357.262002 -52.918 -153.2049
6403.329344 -52.901 -147.5956
6449.730508 -52.731 -141.5009
6496.467914 -52.386 -135.5789
6543.543998 -51.906 -130.3903
6590.961215 -51.350 -126.0988
6638.722037 -50.759 -122.6182
6686.828954 -50.160 -119.8282
6735.284473 -49.569 -117.7031
6784.091120 -48.998 -116.1341
6833.251441 -48.453 -115.0439
6882.767998 -47.936 -114.3956
6932.643372 -47.455 -114.1723
6982.880164 -47.019 -114.3499
7033.480992 -46.645 -114.8613
7084.448495 -46.346 -115.5872
7135.785329 -46.125 -116.4081
7187.494171 -45.976 -117.1681
7239.577717 -45.884 -117.7561
7292.038681 -45.839 -118.1273
7344.879799 -45.833 -118.2724
7398.103826 -45.863 -118.1761
7451.713536 -45.928 -117.7949
7505.711724 -46.023 -117.0569
7560.101205 -46.139 -115.8910
7614.884815 -46.257 -114.1249
7670.065409 -46.351 -111.6564
7725.645865 -46.386 -108.4309
7781.629080 -46.317 -104.4565
7838.017972 -46.093 -99.8827
7894.815481 -45.675 -95.0944
7952.024569 -45.060 -90.6814
8009.648217 -44.293 -87.2382
8067.689429 -43.450 -85.1484
8126.151233 -42.608 -84.4223
8185.036674 -41.828 -84.8262
8244.348824 -41.138 -85.9964
8304.090774 -40.539 -87.5796
8364.265639 -40.018 -89.3151
8424.876556 -39.551 -91.0628
8485.926684 -39.117 -92.7914
8547.419207 -38.700 -94.5427
8609.357330 -38.286 -96.3966
8671.744282 -37.866 -98.4522
8734.583316 -37.440 -100.8420
8797.877707 -37.024 -103.7195
8861.630756 -36.649 -107.1876
8925.845785 -36.355 -111.2256
8990.526143 -36.175 -115.6777
9055.675202 -36.133 -120.2996
9121.296357 -36.231 -124.7802
9187.393031 -36.452 -128.8167
9253.968668 -36.755 -132.1879
9321.026740 -37.086 -134.8317
9388.570742 -37.392 -136.8809
9456.604196 -37.639 -138.6531
9525.130648 -37.830 -140.5718
9594.153671 -38.009 -142.9629
9663.676863 -38.245 -145.8648
9733.703850 -38.600 -149.0478
9804.238280 -39.113 -152.0771
9875.283832 -39.782 -154.4228
9946.844210 -40.561 -155.6100
10018.923143 -41.370 -155.4109
10091.524390 -42.123 -153.9675
10164.651736 -42.759 -151.6639
10238.308993 -43.266 -148.9888
10312.500000 -43.667 -146.2666
10387.228626 -44.002 -143.5988
10462.498767 -44.301 -140.9196
10538.314345 -44.570 -138.0682
10614.679315 -44.795 -134.9237
10691.597657 -44.952 -131.5227
10769.073381 -45.027 -127.9444
10847.110526 -45.011 -124.3422
10925.713161 -44.903 -120.8553
11004.885382 -44.712 -117.6348
11084.631318 -44.456 -114.7985
11164.955126 -44.154 -112.3697
11245.860993 -43.819 -110.3159
11327.353138 -43.452 -108.6465
11409.435808 -43.058 -107.4745
11492.113283 -42.660 -106.9449
11575.389873 -42.298 -107.1041
11659.269920 -42.018 -107.8255
11743.757796 -41.854 -108.7731
11828.857906 -41.805 -109.4529
11914.574686 -41.817 -109.3578
12000.912606 -41.790 -108.2126
12087.876166 -41.629 -106.3567
12175.469900 -41.299 -104.5487
12263.698373 -40.847 -103.4872
12352.566187 -40.352 -103.4571
12442.077974 -39.889 -104.3573
12532.238400 -39.495 -105.9326
12623.052165 -39.182 -107.9061
12714.524005 -38.944 -109.9658
12806.658687 -38.759 -111.8979
12899.461015 -38.594 -113.6138
12992.935827 -38.415 -115.2324
13087.087996 -38.213 -117.0276
13181.922430 -38.009 -119.2585
13277.444074 -37.846 -122.0703
13373.657907 -37.772 -125.3635
13470.568945 -37.819 -128.8931
13568.182241 -38.000 -132.3472
13666.502883 -38.307 -135.3843
13765.535996 -38.715 -137.6284
13865.286744 -39.163 -138.7473
13965.760328 -39.552 -138.7047
14066.961984 -39.788 -138.0284
14168.896989 -39.862 -137.5260
14271.570658 -39.857 -137.6969
14374.988342 -39.863 -138.4636
14479.155433 -39.924 -139.4363
14584.077362 -40.032 -140.2467
14689.759598 -40.156 -140.6686
14796.207652 -40.249 -140.6828
14903.427072 -40.277 -140.5187
15011.423448 -40.241 -140.5863
15120.202410 -40.179 -141.2941
15229.769630 -40.141 -142.5858
15340.130819 -40.164 -144.2890
15451.291730 -40.267 -146.1284
15563.258160 -40.449 -147.8130
15676.035944 -40.694 -149.0763
15789.630962 -40.968 -149.6902
15904.049137 -41.216 -149.5363
16019.296433 -41.367 -148.7786
16135.378859 -41.371 -147.9386
16252.302465 -41.220 -147.4618
16370.073348 -40.963 -147.8388
16488.697648 -40.674 -149.3398
16608.181548 -40.437 -151.9396
16728.531278 -40.313 -155.3278
16849.753112 -40.329 -159.0283
16971.853368 -40.471 -162.5772
17094.838414 -40.692 -165.6602
17218.714660 -40.932 -168.2393
17343.488565 -41.139 -170.5653
17469.166632 -41.297 -173.0419
17595.755415 -41.430 -176.0585
17723.261512 -41.598 -179.8235
17851.691571 -41.871 175.7730
17981.052287 -42.302 171.1399
18111.350404 -42.904 166.7921
18242.592715 -43.650 163.0708
18374.786062 -44.504 160.0675
18507.937336 -45.446 157.7919
18642.053479 -46.469 156.3622
18777.141484 -47.565 155.9975
18913.208391 -48.712 156.9585
19050.261296 -49.869 159.5827
19188.307342 -50.939 164.1264
19327.353727 -51.795 170.1744
19467.407699 -52.397 176.4696
19608.476560 -52.840 -177.8032
19750.567664 -53.226 -172.2238
19893.688419 -53.543 -166.4440
20037.846286 -53.716 -162.0476
