* Measurement data measured by REW V5.19
* Source: Input device not selected, no input selected, R, volume: no control
* Format: 256k Log Swept Sine, 1 sweep at -20,0 dBFS  With no timing reference
* Dated: Jun 9, 2021 9:02:09 PM
* REW Settings:
*  C-weighting compensation: Off
*  Target level: 75.0 dB
* Note: 
* Measurement: Čer 9 21:02:09
* Smoothing: 1/12 octave
* Frequency Step: 96 ppo
* Start Frequency: 20.0 Hz
*
* Freq(Hz) dBFS(dBFS) Phase(degrees)
20.141602 -61.274 152.8917
20.287556 -61.341 151.9887
20.434568 -61.449 150.7407
20.582645 -61.601 149.3978
20.731796 -61.795 148.1941
20.882027 -62.024 147.3242
21.033346 -62.270 146.9310
21.185763 -62.509 147.0925
21.339284 -62.710 147.8082
21.493917 -62.844 148.9815
21.649671 -62.887 150.4236
21.806553 -62.831 151.8873
21.964572 -62.687 153.1217
22.123737 -62.478 153.9327
22.284054 -62.238 154.2180
22.445534 -62.000 153.9704
22.608183 -61.792 153.2583
22.772012 -61.635 152.1802
22.937027 -61.542 150.8705
23.103238 -61.518 149.4751
23.270654 -61.562 148.1388
23.439282 -61.662 146.9969
23.609133 -61.802 146.1608
23.780215 -61.957 145.6890
23.952536 -62.097 145.6091
24.126106 -62.192 145.8577
24.300934 -62.217 146.2939
24.477028 -62.157 146.7218
24.654399 -62.018 146.9324
24.833055 -61.815 146.7536
25.013005 -61.577 146.0817
25.194260 -61.331 144.8994
25.376828 -61.104 143.2324
25.560719 -60.916 141.1642
25.745942 -60.783 138.8094
25.932508 -60.715 136.3015
26.120426 -60.714 133.7898
26.309705 -60.779 131.4368
26.500356 -60.900 129.4183
26.692388 -61.059 127.9165
26.885812 -61.223 127.0963
27.080638 -61.340 127.0634
27.276876 -61.350 127.7938
27.474535 -61.195 129.0629
27.673627 -60.843 130.4409
27.874161 -60.310 131.3995
28.076149 -59.651 131.4918
28.279600 -58.939 130.4730
28.484526 -58.245 128.3089
28.690937 -57.623 125.1172
28.898843 -57.111 121.0939
29.108256 -56.736 116.4635
29.319186 -56.514 111.4588
29.531645 -56.455 106.3158
29.745644 -56.563 101.2809
29.961193 -56.837 96.6158
30.178304 -57.269 92.5911
30.396989 -57.834 89.5110
30.617258 -58.491 87.6434
30.839123 -59.175 87.1328
31.062596 -59.804 87.8791
31.287688 -60.303 89.4619
31.514412 -60.645 91.2711
31.742778 -60.863 92.8268
31.972800 -61.032 93.9962
32.204488 -61.223 95.1092
32.437855 -61.458 96.8622
32.672913 -61.688 100.1613
32.909674 -61.789 105.7673
33.148151 -61.604 113.5121
33.388356 -61.063 121.6476
33.630302 -60.245 127.8630
33.874001 -59.316 131.0742
34.119466 -58.429 131.5764
34.366710 -57.680 130.1808
34.615745 -57.110 127.6848
34.866585 -56.729 124.7362
35.119243 -56.521 121.8467
35.373731 -56.453 119.4207
35.630064 -56.477 117.7472
35.888254 -56.530 116.9818
36.148315 -56.545 117.0965
36.410261 -56.469 117.8452
36.674104 -56.282 118.8263
36.939860 -55.999 119.6195
37.207542 -55.664 119.9266
37.477163 -55.325 119.6330
37.748738 -55.026 118.7871
38.022281 -54.795 117.5203
38.297806 -54.647 116.0101
38.575327 -54.585 114.4400
38.854860 -54.604 112.9784
39.136419 -54.690 111.7637
39.420017 -54.820 110.8884
39.705671 -54.970 110.3820
39.993395 -55.115 110.2035
40.283203 -55.235 110.2642
40.575112 -55.322 110.4214
40.869136 -55.379 110.5661
41.165290 -55.416 110.6486
41.463591 -55.439 110.6846
41.764053 -55.448 110.7268
42.066693 -55.431 110.8144
42.371525 -55.370 110.9220
42.678567 -55.252 110.9360
42.987834 -55.081 110.7049
43.299341 -54.878 110.1110
43.613106 -54.677 109.1379
43.929145 -54.510 107.9027
44.247473 -54.394 106.6285
44.568109 -54.322 105.5712
44.891068 -54.260 104.9178
45.216367 -54.164 104.6977
45.544023 -54.002 104.7145
45.874054 -53.772 104.6368
46.206476 -53.513 104.1782
46.541307 -53.284 103.2490
46.878565 -53.141 101.9998
47.218266 -53.110 100.7594
47.560429 -53.188 99.9207
47.905072 -53.334 99.8052
48.252212 -53.485 100.5469
48.601867 -53.575 101.9712
48.954056 -53.571 103.6499
49.308798 -53.482 105.1084
49.666109 -53.351 106.0470
50.026010 -53.223 106.4095
50.388520 -53.132 106.3110
50.753656 -53.089 105.9063
51.121437 -53.094 105.3372
51.491884 -53.138 104.7014
51.865016 -53.208 104.0537
52.240851 -53.290 103.4087
52.619410 -53.369 102.7392
53.000712 -53.435 101.9805
53.384777 -53.487 101.0722
53.771625 -53.533 99.9537
54.161276 -53.588 98.6481
54.553751 -53.665 97.2514
54.949070 -53.766 95.9021
55.347254 -53.882 94.7311
55.748323 -53.994 93.8130
56.152298 -54.082 93.1390
56.559201 -54.136 92.6301
56.969052 -54.158 92.1849
57.381873 -54.161 91.7330
57.797686 -54.165 91.2735
58.216512 -54.182 90.8728
58.638373 -54.218 90.6284
59.063291 -54.263 90.6184
59.491288 -54.306 90.8664
59.922386 -54.333 91.3395
60.356608 -54.340 91.9768
60.793977 -54.325 92.7346
61.234515 -54.287 93.5910
61.678246 -54.221 94.5273
62.125192 -54.124 95.5005
62.575377 -53.993 96.4341
63.028824 -53.832 97.2357
63.485557 -53.652 97.8366
63.945599 -53.471 98.1910
64.408975 -53.304 98.3183
64.875709 -53.162 98.2851
65.345825 -53.052 98.1806
65.819348 -52.969 98.0853
66.296302 -52.907 98.0473
66.776713 -52.858 98.0760
67.260604 -52.816 98.1481
67.748002 -52.776 98.2305
68.238932 -52.735 98.2898
68.733420 -52.694 98.2947
69.231490 -52.655 98.2307
69.733170 -52.619 98.1078
70.238485 -52.587 97.9565
70.747463 -52.553 97.8112
71.260128 -52.514 97.7043
71.776508 -52.463 97.6452
72.296630 -52.398 97.6257
72.820521 -52.315 97.6362
73.348209 -52.213 97.6526
73.879720 -52.095 97.6367
74.415083 -51.968 97.5509
74.954326 -51.841 97.3802
75.497475 -51.724 97.1204
76.044561 -51.622 96.8340
76.595612 -51.535 96.5727
77.150655 -51.457 96.3707
77.709720 -51.380 96.2263
78.272837 -51.299 96.0997
78.840034 -51.213 95.9366
79.411342 -51.128 95.7073
79.986789 -51.047 95.4278
80.566406 -50.973 95.1581
81.150224 -50.901 94.9213
81.738272 -50.825 94.7262
82.330581 -50.743 94.5612
82.927182 -50.654 94.4140
83.528107 -50.559 94.2764
84.133386 -50.458 94.1361
84.743051 -50.352 93.9733
85.357134 -50.246 93.7650
85.975667 -50.141 93.5059
86.598682 -50.043 93.2053
87.226212 -49.951 92.8776
87.858289 -49.867 92.5412
88.494946 -49.787 92.2097
89.136217 -49.710 91.8852
89.782135 -49.636 91.5627
90.432733 -49.565 91.2369
91.088046 -49.497 90.9235
91.748108 -49.432 90.6394
92.412952 -49.367 90.3878
93.082615 -49.301 90.1585
93.757130 -49.234 89.9345
94.436533 -49.167 89.7015
95.120859 -49.101 89.4551
95.810144 -49.037 89.1956
96.504423 -48.975 88.9388
97.203734 -48.913 88.6818
97.908112 -48.850 88.4152
98.617595 -48.787 88.1301
99.332219 -48.726 87.8246
100.052021 -48.668 87.5059
100.777039 -48.616 87.1850
101.507311 -48.566 86.8770
102.242875 -48.518 86.5749
102.983769 -48.471 86.2592
103.730032 -48.428 85.9157
104.481702 -48.391 85.5462
105.238820 -48.359 85.1681
106.001424 -48.329 84.8105
106.769554 -48.295 84.4714
107.543250 -48.249 84.1710
108.322553 -48.188 83.8890
109.107503 -48.112 83.6126
109.898141 -48.023 83.3404
110.694508 -47.926 83.0741
111.496646 -47.825 82.8105
112.304596 -47.728 82.5359
113.118402 -47.642 82.2462
113.938104 -47.573 81.9652
114.763747 -47.521 81.7114
115.595372 -47.485 81.4934
116.433024 -47.460 81.3118
117.276746 -47.441 81.1607
118.126581 -47.423 81.0294
118.982575 -47.399 80.9008
119.844772 -47.366 80.7730
120.713217 -47.323 80.6255
121.587954 -47.271 80.4369
122.469031 -47.218 80.1961
123.356492 -47.168 79.9098
124.250384 -47.128 79.6010
125.150753 -47.100 79.2932
126.057647 -47.082 78.9956
126.971113 -47.070 78.7590
127.891198 -47.057 78.5954
128.817950 -47.032 78.4820
129.751418 -46.992 78.3779
130.691651 -46.936 78.2457
131.638696 -46.868 78.0562
132.592604 -46.795 77.8033
133.553425 -46.722 77.5046
134.521208 -46.656 77.1895
135.496004 -46.599 76.8885
136.477864 -46.550 76.6233
137.466839 -46.507 76.4005
138.462981 -46.467 76.2109
139.466340 -46.431 76.0347
140.476971 -46.396 75.8372
141.494925 -46.364 75.6109
142.520256 -46.333 75.3793
143.553016 -46.305 75.1477
144.593260 -46.277 74.9255
145.641043 -46.249 74.7275
146.696418 -46.218 74.5648
147.759441 -46.182 74.4320
148.830166 -46.136 74.2981
149.908651 -46.084 74.1267
150.994951 -46.030 73.9175
152.089123 -45.977 73.6901
153.191223 -45.926 73.4723
154.301310 -45.875 73.2785
155.419441 -45.824 73.1025
156.545674 -45.774 72.9297
157.680069 -45.726 72.7517
158.822683 -45.680 72.5680
159.973578 -45.635 72.3787
161.132813 -45.590 72.1692
162.300447 -45.545 71.9597
163.476543 -45.502 71.7517
164.661162 -45.463 71.5407
165.854364 -45.429 71.3304
167.056213 -45.402 71.1328
168.266772 -45.376 70.9514
169.486102 -45.348 70.7780
170.714268 -45.314 70.5959
171.951334 -45.275 70.4116
173.197364 -45.229 70.2441
174.452424 -45.179 70.1016
175.716578 -45.124 69.9758
176.989893 -45.068 69.8424
178.272434 -45.012 69.6787
179.564270 -44.960 69.4790
180.865467 -44.911 69.2657
182.176092 -44.865 69.0428
183.496216 -44.820 68.8084
184.825905 -44.775 68.5605
186.165229 -44.730 68.2920
187.514259 -44.684 67.9973
188.873065 -44.638 67.6808
190.241717 -44.591 67.3478
191.620287 -44.545 66.9960
193.008847 -44.499 66.6507
194.407468 -44.454 66.3204
195.816225 -44.411 66.0061
197.235190 -44.370 65.7022
198.664438 -44.332 65.4068
200.104042 -44.298 65.1226
201.554078 -44.268 64.8618
203.014622 -44.241 64.6188
204.485750 -44.215 64.3991
205.967538 -44.187 64.2033
207.460064 -44.155 64.0210
208.963405 -44.118 63.8290
210.477640 -44.079 63.6014
212.002848 -44.041 63.3227
213.539108 -44.006 62.9813
215.086500 -43.977 62.6236
216.645105 -43.950 62.2783
218.215005 -43.923 61.9507
219.796281 -43.895 61.6297
221.389015 -43.867 61.3064
222.993292 -43.840 60.9802
224.609193 -43.813 60.6614
226.236804 -43.785 60.3564
227.876209 -43.758 60.0485
229.527494 -43.731 59.7313
231.190745 -43.707 59.3969
232.866048 -43.689 59.0419
234.553491 -43.681 58.6737
236.253163 -43.685 58.3072
237.965150 -43.703 57.9483
239.689544 -43.734 57.6265
241.426433 -43.777 57.3527
243.175909 -43.829 57.1370
244.938062 -43.887 56.9932
246.712984 -43.950 56.9415
248.500768 -44.016 57.0035
250.301507 -44.080 57.1978
252.115295 -44.138 57.5471
253.942226 -44.184 58.0456
255.782396 -44.210 58.6804
257.635901 -44.212 59.4155
259.502837 -44.184 60.1974
261.383301 -44.129 60.9714
263.277392 -44.050 61.6976
265.185209 -43.954 62.3510
267.106850 -43.847 62.9106
269.042417 -43.734 63.3666
270.992009 -43.616 63.7054
272.955729 -43.495 63.9182
274.933678 -43.373 64.0046
276.925961 -43.249 63.9726
278.932681 -43.127 63.8402
280.953942 -43.006 63.6393
282.989850 -42.888 63.3990
285.040511 -42.773 63.1358
287.106032 -42.664 62.8603
289.186521 -42.564 62.5779
291.282086 -42.470 62.2949
293.392836 -42.380 62.0186
295.518881 -42.291 61.7559
297.660333 -42.202 61.5083
299.817302 -42.116 61.2698
301.989902 -42.035 61.0421
304.178245 -41.959 60.8139
306.382446 -41.892 60.5843
308.602620 -41.832 60.3535
310.838882 -41.779 60.1226
313.091348 -41.730 59.8919
315.360137 -41.678 59.6550
317.645367 -41.618 59.4006
319.947156 -41.547 59.1367
322.265625 -41.467 58.8751
324.600895 -41.381 58.6315
326.953086 -41.294 58.4134
329.322323 -41.212 58.2176
331.708729 -41.133 58.0331
334.112427 -41.056 57.8435
336.533543 -40.981 57.6230
338.972204 -40.907 57.3513
341.428536 -40.833 57.0254
343.902668 -40.761 56.6613
346.394729 -40.692 56.2840
348.904848 -40.628 55.9101
351.433156 -40.567 55.5434
353.979786 -40.507 55.1846
356.544869 -40.448 54.8483
359.128540 -40.390 54.5266
361.730934 -40.335 54.1985
364.352185 -40.282 53.8532
366.992431 -40.229 53.4899
369.651810 -40.175 53.1193
372.330459 -40.116 52.7586
375.028519 -40.051 52.4219
377.746130 -39.980 52.0988
380.483434 -39.905 51.7915
383.240574 -39.828 51.4887
386.017693 -39.752 51.1844
388.814937 -39.678 50.8794
391.632450 -39.609 50.5855
394.470380 -39.546 50.3199
397.328875 -39.491 50.0856
400.208084 -39.443 49.8609
403.108157 -39.400 49.6163
406.029245 -39.361 49.3499
408.971500 -39.325 49.0706
411.935076 -39.291 48.7870
414.920127 -39.260 48.5016
417.926810 -39.232 48.2143
420.955280 -39.207 47.9264
424.005695 -39.183 47.6395
427.078215 -39.161 47.3610
430.173000 -39.139 47.0942
433.290211 -39.116 46.8442
436.430010 -39.092 46.6149
439.592562 -39.066 46.4015
442.778031 -39.040 46.1968
445.986583 -39.014 45.9990
449.218386 -38.989 45.8121
452.473607 -38.965 45.6478
455.752418 -38.943 45.5066
459.054987 -38.919 45.3938
462.381489 -38.894 45.3131
465.732096 -38.868 45.2581
469.106983 -38.839 45.2163
472.506325 -38.809 45.1752
475.930301 -38.776 45.1184
479.379088 -38.741 45.0310
482.852867 -38.705 44.9249
486.351817 -38.666 44.8009
489.876123 -38.626 44.6602
493.425968 -38.585 44.5057
497.001536 -38.544 44.3407
500.603014 -38.503 44.1699
504.230589 -38.462 44.0048
507.884452 -38.423 43.8403
511.564792 -38.386 43.6729
515.271802 -38.350 43.4920
519.005673 -38.314 43.2891
522.766602 -38.279 43.0605
526.554785 -38.241 42.8060
530.370418 -38.204 42.5266
534.213700 -38.167 42.2192
538.084833 -38.134 41.8864
541.984018 -38.105 41.5281
545.911457 -38.082 41.1494
549.867357 -38.067 40.7625
553.851922 -38.061 40.3807
557.865362 -38.063 40.0146
561.907884 -38.074 39.6671
565.979700 -38.094 39.3387
570.081022 -38.120 39.0312
574.212064 -38.152 38.7446
578.373042 -38.186 38.4790
582.564171 -38.223 38.2325
586.785671 -38.260 38.0002
591.037762 -38.296 37.7744
595.320665 -38.331 37.5488
599.634604 -38.364 37.3235
603.979804 -38.396 37.1121
608.356491 -38.425 36.9089
612.764893 -38.453 36.7122
617.205240 -38.480 36.5199
621.677763 -38.506 36.3311
626.182696 -38.531 36.1459
630.720274 -38.558 35.9614
635.290733 -38.586 35.7645
639.894312 -38.616 35.5725
644.531250 -38.648 35.3848
649.201789 -38.681 35.1997
653.906173 -38.715 35.0168
658.644647 -38.748 34.8365
663.417457 -38.782 34.6569
668.224854 -38.816 34.4752
673.067086 -38.851 34.2957
677.944408 -38.888 34.1186
682.857073 -38.925 33.9425
687.805336 -38.962 33.7681
692.789457 -38.999 33.5972
697.809695 -39.037 33.4322
702.866312 -39.073 33.2758
707.959571 -39.108 33.1301
713.089738 -39.143 33.0001
718.257080 -39.178 32.8820
723.461867 -39.213 32.7701
728.704370 -39.248 32.6631
733.984862 -39.285 32.5616
739.303619 -39.325 32.4674
744.660918 -39.368 32.3816
750.057038 -39.415 32.3042
755.492260 -39.467 32.2246
760.966869 -39.523 32.1528
766.481148 -39.582 32.0884
772.035387 -39.642 32.0306
777.629873 -39.703 31.9787
783.264900 -39.761 31.9317
788.940760 -39.817 31.8882
794.657750 -39.867 31.8465
800.416168 -39.911 31.8031
806.216313 -39.949 31.7398
812.058489 -39.980 31.6692
817.943000 -40.005 31.5866
823.870152 -40.025 31.4879
829.840255 -40.040 31.3705
835.853619 -40.051 31.2330
841.910559 -40.058 31.0745
848.011390 -40.061 30.8939
854.156430 -40.060 30.6944
860.346000 -40.057 30.4738
866.580422 -40.052 30.2307
872.860020 -40.045 29.9664
879.185124 -40.039 29.6821
885.556062 -40.032 29.3793
891.973166 -40.026 29.0606
898.436771 -40.021 28.7284
904.947215 -40.017 28.3911
911.504835 -40.013 28.0467
918.109975 -40.012 27.6940
924.762978 -40.013 27.3318
931.464192 -40.016 26.9593
938.213966 -40.023 26.5764
945.012651 -40.034 26.1844
951.860602 -40.050 25.7800
958.758176 -40.071 25.3562
965.705733 -40.097 24.9292
972.703635 -40.129 24.5016
979.752246 -40.166 24.0751
986.851935 -40.208 23.6506
994.003071 -40.254 23.2290
1001.206027 -40.303 22.8120
1008.461179 -40.355 22.4018
1015.768904 -40.408 21.9985
1023.129584 -40.464 21.6022
1030.543603 -40.521 21.2110
1038.011347 -40.580 20.8222
1045.533205 -40.641 20.4333
1053.109569 -40.705 20.0431
1060.740836 -40.772 19.6498
1068.427401 -40.842 19.2377
1076.169666 -40.916 18.8243
1083.968035 -40.995 18.4088
1091.822915 -41.078 17.9911
1099.734713 -41.165 17.5734
1107.703844 -41.258 17.1590
1115.730723 -41.356 16.7514
1123.815768 -41.460 16.3579
1131.959400 -41.571 15.9857
1140.162045 -41.690 15.6413
1148.424129 -41.816 15.3379
1156.746083 -41.952 15.0908
1165.128342 -42.098 14.9182
1173.571343 -42.254 14.8430
1182.075524 -42.416 14.8928
1190.641331 -42.581 15.0972
1199.269209 -42.740 15.4773
1207.959608 -42.882 16.0266
1216.712981 -42.996 16.6939
1225.529785 -43.075 17.3809
1234.410479 -43.118 17.9647
1243.355526 -43.135 18.3432
1252.365393 -43.144 18.4699
1261.440549 -43.159 18.3624
1270.581467 -43.191 18.1061
1279.788624 -43.246 17.7805
1289.062500 -43.322 17.4498
1298.403578 -43.417 17.1542
1307.812346 -43.526 16.9119
1317.289293 -43.647 16.7259
1326.834914 -43.777 16.5901
1336.449707 -43.915 16.4977
1346.134173 -44.061 16.4428
1355.888816 -44.213 16.4220
1365.714145 -44.373 16.4362
1375.610673 -44.540 16.4898
1385.578915 -44.716 16.5906
1395.619391 -44.902 16.7505
1405.732624 -45.096 16.9778
1415.919142 -45.299 17.2862
1426.179476 -45.508 17.6876
1436.514160 -45.720 18.1829
1446.923734 -45.933 18.7649
1457.408740 -46.142 19.4210
1467.969724 -46.347 20.1363
1478.607238 -46.547 20.8965
1489.321836 -46.743 21.6909
1500.114076 -46.937 22.5133
1510.984521 -47.132 23.3534
1521.933737 -47.328 24.2307
1532.962297 -47.530 25.1632
1544.070773 -47.738 26.1780
1555.259747 -47.954 27.3110
1566.529800 -48.176 28.6087
1577.881521 -48.399 30.1271
1589.315501 -48.617 31.9275
1600.832336 -48.815 34.0609
1612.432627 -48.976 36.5304
1624.116978 -49.080 39.3244
1635.886000 -49.104 42.3352
1647.740304 -49.033 45.3737
1659.680509 -48.865 48.1872
1671.707238 -48.611 50.5036
1683.821118 -48.302 52.1002
1696.022780 -47.978 52.8707
1708.312860 -47.682 52.8577
1720.692000 -47.448 52.2302
1733.160843 -47.294 51.2241
1745.720041 -47.224 50.0755
1758.370248 -47.228 48.9750
1771.112124 -47.293 48.0503
1783.946332 -47.401 47.3651
1796.873543 -47.538 46.9297
1809.894429 -47.691 46.7237
1823.009670 -47.852 46.7136
1836.219950 -48.018 46.8695
1849.525956 -48.184 47.1686
1862.928384 -48.348 47.5930
1876.427931 -48.509 48.1264
1890.025301 -48.664 48.7513
1903.721204 -48.812 49.4426
1917.516352 -48.954 50.1721
1931.411466 -49.088 50.9435
1945.407270 -49.216 51.7445
1959.504493 -49.338 52.5639
1973.703870 -49.456 53.3931
1988.006142 -49.571 54.2269
2002.412054 -49.685 55.0631
2016.922357 -49.800 55.8984
2031.537808 -49.916 56.7494
2046.259169 -50.033 57.6222
2061.087206 -50.152 58.5209
2076.022694 -50.272 59.4473
2091.066410 -50.393 60.4024
2106.219139 -50.512 61.3872
2121.481671 -50.630 62.3989
2136.854802 -50.747 63.4141
2152.339333 -50.861 64.4517
2167.936071 -50.974 65.5063
2183.645829 -51.087 66.5768
2199.469427 -51.202 67.6675
2215.407689 -51.319 68.7865
2231.461446 -51.441 69.9407
2247.631536 -51.565 71.1387
2263.918800 -51.691 72.3785
2280.324089 -51.818 73.6500
2296.848258 -51.946 74.9539
2313.492167 -52.073 76.2966
2330.256685 -52.199 77.6903
2347.142685 -52.321 79.1511
2364.151049 -52.436 80.6858
2381.282662 -52.543 82.2864
2398.538418 -52.637 83.9730
2415.919216 -52.716 85.7388
2433.425962 -52.779 87.5717
2451.059570 -52.824 89.4532
2468.820958 -52.850 91.3547
2486.711052 -52.857 93.2371
2504.730786 -52.849 95.0547
2522.881098 -52.830 96.7673
2541.162934 -52.808 98.3640
2559.577248 -52.787 99.8482
2578.125000 -52.772 101.2422
2596.807157 -52.766 102.5808
2615.624692 -52.769 103.9053
2634.578586 -52.780 105.2551
2653.669829 -52.795 106.6532
2672.899414 -52.812 108.0932
2692.268345 -52.828 109.5972
2711.777632 -52.843 111.1609
2731.428290 -52.853 112.7846
2751.221345 -52.858 114.4735
2771.157829 -52.855 116.2333
2791.238781 -52.841 118.0653
2811.465248 -52.812 119.9730
2831.838284 -52.765 121.9369
2852.358952 -52.699 123.9209
2873.028321 -52.612 125.8882
2893.847468 -52.508 127.8018
2914.817480 -52.391 129.6393
2935.939449 -52.264 131.3983
2957.214476 -52.128 133.0865
2978.643672 -51.984 134.7023
3000.228152 -51.830 136.2220
3021.969041 -51.670 137.5785
3043.867475 -51.509 138.7666
3065.924593 -51.355 139.7884
3088.141547 -51.213 140.6846
3110.519493 -51.084 141.5102
3133.059600 -50.965 142.3043
3155.763041 -50.853 143.0846
3178.631001 -50.745 143.8529
3201.664672 -50.638 144.5656
3224.865254 -50.535 145.2036
3248.233957 -50.439 145.7599
3271.771999 -50.354 146.2437
3295.480608 -50.283 146.6808
3319.361019 -50.230 147.1094
3343.414477 -50.191 147.5687
3367.642236 -50.164 148.1422
3392.045560 -50.143 148.7883
3416.625721 -50.124 149.4580
3441.383999 -50.107 150.1255
3466.321686 -50.094 150.7788
3491.440082 -50.086 151.4132
3516.740496 -50.085 152.0162
3542.224247 -50.095 152.5680
3567.892664 -50.122 153.1871
3593.747085 -50.170 153.8084
3619.788858 -50.242 154.3969
3646.019340 -50.339 154.9779
3672.439900 -50.463 155.5834
3699.051913 -50.616 156.2664
3725.856768 -50.804 157.1180
3752.855862 -51.027 158.3441
3780.050603 -51.275 160.6278
3807.442408 -51.529 163.4762
3835.032705 -51.757 166.9014
3862.822933 -51.929 170.8158
3890.814540 -52.020 175.0701
3919.008986 -52.013 179.4978
3947.407741 -51.899 -176.0502
3976.012284 -51.671 -171.6903
4004.824108 -51.326 -167.2632
4033.844715 -50.862 -161.8559
4063.075616 -50.276 -156.8848
4092.518337 -49.578 -152.5167
4122.174412 -48.782 -148.9133
4152.045387 -47.911 -146.2015
4182.132820 -46.993 -144.4595
4212.438278 -46.059 -143.7159
4242.963342 -45.140 -143.9529
4273.709604 -44.269 -144.7170
4304.678665 -43.474 -146.1898
4335.872141 -42.782 -148.3617
4367.291658 -42.212 -151.0766
4398.938854 -41.777 -154.1516
4430.815378 -41.481 -157.3834
4462.922893 -41.318 -160.5614
4495.263072 -41.271 -163.4882
4527.837601 -41.315 -166.2573
4560.648179 -41.419 -168.5491
4593.696515 -41.551 -170.2773
4626.984334 -41.679 -171.4654
4660.513370 -41.777 -172.1917
4694.285371 -41.826 -172.5701
4728.302098 -41.818 -172.7281
4762.565324 -41.748 -172.8046
4797.076835 -41.622 -172.9229
4831.838432 -41.450 -173.1554
4866.851925 -41.245 -173.5813
4902.119140 -41.024 -174.2594
4937.641916 -40.803 -175.2227
4973.422105 -40.597 -176.4756
5009.461572 -40.422 -178.1326
5045.762195 -40.291 179.6012
5082.325868 -40.215 177.1807
5119.154496 -40.201 174.6772
5156.250000 -40.256 172.1665
5193.614313 -40.383 169.7287
5231.249383 -40.582 167.4472
5269.157173 -40.848 165.4062
5307.339658 -41.177 163.5515
5345.798829 -41.556 161.5215
5384.536691 -41.976 159.9233
5423.555263 -42.424 158.7823
5462.856580 -42.889 158.1024
5502.442691 -43.361 157.8695
5542.315659 -43.831 158.0572
5582.477563 -44.295 158.6340
5622.930497 -44.748 159.2125
5663.676569 -45.190 159.8462
5704.717904 -45.618 160.7823
5746.056642 -46.032 162.0004
5787.694937 -46.432 163.4844
5829.634960 -46.818 165.2216
5871.878898 -47.189 167.1995
5914.428953 -47.547 169.4053
5957.287343 -47.893 171.8274
6000.456303 -48.229 174.4563
6043.938083 -48.559 176.9983
6087.734950 -48.883 179.7764
6131.849187 -49.202 -177.1731
6176.283094 -49.512 -173.7995
6221.038987 -49.807 -170.0419
6266.119200 -50.075 -165.8353
6311.526083 -50.302 -161.1640
6357.262002 -50.466 -156.0721
6403.329344 -50.544 -150.4258
6449.730508 -50.509 -144.2757
6496.467914 -50.337 -137.7545
6543.543998 -50.013 -131.0906
6590.961215 -49.538 -124.5979
6638.722037 -48.928 -118.6248
6686.828954 -48.212 -113.4781
6735.284473 -47.432 -109.4217
6784.091120 -46.627 -106.4889
6833.251441 -45.834 -104.6117
6882.767998 -45.081 -103.6638
6932.643372 -44.387 -103.4787
6982.880164 -43.763 -103.8856
7033.480992 -43.217 -104.7299
7084.448495 -42.750 -105.8769
7135.785329 -42.364 -107.2355
7187.494171 -42.054 -108.6768
7239.577717 -41.813 -110.0840
7292.038681 -41.631 -111.3667
7344.879799 -41.495 -112.4545
7398.103826 -41.392 -113.3013
7451.713536 -41.308 -113.8867
7505.711724 -41.232 -114.2165
7560.101205 -41.155 -114.3458
7614.884815 -41.070 -114.2461
7670.065409 -40.972 -113.9388
7725.645865 -40.855 -113.4488
7781.629080 -40.715 -112.8080
7838.017972 -40.550 -112.0591
7894.815481 -40.357 -111.2545
7952.024569 -40.139 -110.4534
8009.648217 -39.895 -109.7217
8067.689429 -39.632 -109.1391
8126.151233 -39.354 -108.7272
8185.036674 -39.067 -108.5217
8244.348824 -38.778 -108.5398
8304.090774 -38.493 -108.7781
8364.265639 -38.219 -109.2163
8424.876556 -37.959 -109.8249
8485.926684 -37.713 -110.5761
8547.419207 -37.481 -111.4508
8609.357330 -37.263 -112.4436
8671.744282 -37.062 -113.5542
8734.583316 -36.880 -114.7762
8797.877707 -36.723 -116.0870
8861.630756 -36.591 -117.4445
8925.845785 -36.482 -118.7948
8990.526143 -36.387 -120.0926
9055.675202 -36.295 -121.3340
9121.296357 -36.194 -122.5488
9187.393031 -36.078 -123.8184
9253.968668 -35.951 -125.2474
9321.026740 -35.825 -126.9269
9388.570742 -35.720 -128.9048
9456.604196 -35.656 -131.1735
9525.130648 -35.650 -133.6846
9594.153671 -35.713 -136.3534
9663.676863 -35.849 -139.0589
9733.703850 -36.060 -141.6950
9804.238280 -36.340 -144.1639
9875.283832 -36.682 -146.3786
9946.844210 -37.079 -148.2618
10018.923143 -37.521 -149.7581
10091.524390 -37.997 -150.8304
10164.651736 -38.495 -151.3911
10238.308993 -39.001 -151.4016
10312.500000 -39.500 -150.8438
10387.228626 -39.974 -149.7314
10462.498767 -40.409 -148.1134
10538.314345 -40.790 -146.0679
10614.679315 -41.110 -143.6974
10691.597657 -41.364 -141.1281
10769.073381 -41.549 -138.4007
10847.110526 -41.667 -135.5908
10925.713161 -41.718 -132.7671
11004.885382 -41.703 -129.9968
11084.631318 -41.623 -127.3514
11164.955126 -41.483 -124.9116
11245.860993 -41.289 -122.7675
11327.353138 -41.055 -121.0041
11409.435808 -40.798 -119.6854
11492.113283 -40.538 -118.8359
11575.389873 -40.297 -118.4229
11659.269920 -40.093 -118.3495
11743.757796 -39.935 -118.4631
11828.857906 -39.819 -118.6129
11914.574686 -39.730 -118.6705
12000.912606 -39.642 -118.5071
12087.876166 -39.530 -118.1669
12175.469900 -39.380 -117.7993
12263.698373 -39.196 -117.5942
12352.566187 -38.995 -117.6996
12442.077974 -38.802 -118.1714
12532.238400 -38.640 -118.9994
12623.052165 -38.524 -120.1071
12714.524005 -38.461 -121.3205
12806.658687 -38.451 -122.5110
12899.461015 -38.487 -123.5609
12992.935827 -38.559 -124.3759
13087.087996 -38.654 -124.8934
13181.922430 -38.757 -125.0839
13277.444074 -38.851 -124.9766
13373.657907 -38.922 -124.5737
13470.568945 -38.954 -123.9250
13568.182241 -38.933 -123.1220
13666.502883 -38.852 -122.2876
13765.535996 -38.710 -121.5617
13865.286744 -38.513 -121.0782
13965.760328 -38.276 -120.9411
14066.961984 -38.013 -121.2365
14168.896989 -37.741 -121.9741
14271.570658 -37.479 -123.1429
14374.988342 -37.243 -124.7286
14479.155433 -37.051 -126.6855
14584.077362 -36.921 -128.9227
14689.759598 -36.861 -131.3087
14796.207652 -36.873 -133.6930
14903.427072 -36.949 -135.9392
15011.423448 -37.072 -137.9681
15120.202410 -37.225 -139.8417
15229.769630 -37.393 -141.4798
15340.130819 -37.564 -142.9342
15451.291730 -37.734 -144.2551
15563.258160 -37.901 -145.4779
15676.035944 -38.062 -146.6306
15789.630962 -38.214 -147.7557
15904.049137 -38.358 -148.9161
16019.296433 -38.500 -150.1977
16135.378859 -38.654 -151.7221
16252.302465 -38.831 -153.3495
16370.073348 -39.043 -155.0046
16488.697648 -39.288 -156.5859
16608.181548 -39.558 -157.9984
16728.531278 -39.835 -159.1903
16849.753112 -40.099 -160.1869
16971.853368 -40.330 -161.1071
17094.838414 -40.525 -162.1353
17218.714660 -40.699 -163.4482
17343.488565 -40.884 -165.1239
17469.166632 -41.114 -167.1029
17595.755415 -41.414 -169.2193
17723.261512 -41.795 -171.2707
17851.691571 -42.251 -173.0828
17981.052287 -42.770 -174.5453
18111.350404 -43.337 -175.5979
18242.592715 -43.941 -176.2074
18374.786062 -44.573 -176.3034
18507.937336 -45.221 -175.7531
18642.053479 -45.866 -174.3798
18777.141484 -46.468 -172.0465
18913.208391 -46.974 -168.7872
19050.261296 -47.331 -164.9363
19188.307342 -47.505 -161.0608
19327.353727 -47.506 -157.7179
19467.407699 -47.380 -155.3493
19608.476560 -47.192 -154.1133
19750.567664 -47.005 -153.8864
19893.688419 -46.864 -154.3525
20037.846286 -46.790 -154.9205
